preds,labels,SMILES,mol_prop,model_name,split_type,fold
-0.5602055046645417,-1.3089526606442927,O=C(O)/C=C/c1ccc(NC(=O)C2(NC(=O)c3ccc4c(c3)nc(-c3ccoc3)n4C3CCCCC3)CCCC2)cc1,CYP3A4,RF,random,25
0.8098336099658042,3.296217525343799,Cc1ncn(-c2ccc3c(c2)CCc2cn(Cc4ccccc4)nc2N3)n1,CYP3A4,RF,random,25
1.1233365065976566,3.1710543823897925,Cc1nnc2sc(C(=O)NCc3ccc(-c4ccncc4)cc3)c(N)c2c1C,CYP3A4,RF,random,25
-1.5915056742532208,-2.491701828518602,CC#CCn1c(N2CCC[C@@H](N)C2)cc(=O)n(Cc2ccc3ccccc3n2)c1=O,CYP3A4,RF,random,25
0.017643205859038773,0.4283186232996936,CN1C[C@@H]2CCCC[C@]2(c2ccc(Cl)c(Cl)c2)C1,CYP3A4,RF,random,25
3.7410923564655967,7.613705638880109,COC(=O)Cc1ccc(COc2ccc3cc(C(C(C)N(C)C)n4ccnc4)ccc3c2)cc1,CYP3A4,RF,random,25
0.086237187028414,-0.3056505517805075,COc1ccc(C(=O)/C=C/c2cccnc2)c(OC)c1,CYP3A4,RF,random,25
-1.5160311190121227,-1.5966347330960726,O=C(Cc1nc(N2CCOCC2)cc(=O)[nH]1)Nc1cccc(Cl)c1,CYP3A4,RF,random,25
2.726171918555675,2.765589274281629,COC(=O)CCCN[C@@H](Cn1c(=O)c(-c2cccc(OC)c2F)cn(Cc2c(F)cccc2C(F)(F)F)c1=O)c1ccccc1,CYP3A4,RF,random,25
0.7122169537632413,3.142066845516541,CC1=C(C(=O)Nc2ccc3[nH]ncc3c2)C(c2ccc(F)cc2)N=C(c2ccccc2)N1,CYP3A4,RF,random,25
1.228898383693868,0.8113108755557992,O=C([C@H]1CNCC[C@@]12OCc1cc(F)c(F)cc12)N(Cc1cccc(C(F)(F)F)c1Cl)C1CC1,CYP3A4,RF,random,25
1.6616534524005047,0.4435860954304811,CC(c1c(CCN(C)C)sc2ccccc12)n1ccnc1,CYP3A4,RF,random,25
0.07652932062051292,-1.4912742174382476,Cn1c(-c2ccc(-c3cnccn3)cc2Cl)nnc1C1(c2ccc(Cl)cc2)CC(F)C1,CYP3A4,RF,random,25
1.6118353447031104,1.9099231642239085,O=C(Cn1c(=O)cnc2cc(Cl)c(Cl)cc21)N1CCCC(c2ccccc2)C1CN1CCCC1,CYP3A4,RF,random,25
0.9397209320282078,1.175953989143708,O=C(NC(Cc1ccc2[nH]ccc2c1)C(=O)N1CCC(N2CCCCC2)CC1)N1CCC(n2c(=O)[nH]c3ccccc32)CC1,CYP3A4,RF,random,25
0.9224849181134447,2.197605236675689,CCNC(=O)Nc1ccc(-c2nc3c(c(N4CCOC[C@@H]4C)n2)CCN(c2ncccn2)C3)cc1,CYP3A4,RF,random,25
-1.6148847626998033,-1.5453414387085225,O=C(NCC1CCOCC1)c1cnc(Nc2cc(Cl)cc(Cl)c2)nc1C(F)(F)F,CYP3A4,RF,random,25
-0.09245165698827512,-0.3056505517805075,Cc1ccn(-c2ccc(C(=O)N3CCC(F)(F)/C(=C\C(=O)NCc4ccccn4)c4ccccc43)c(Cl)c2)n1,CYP3A4,RF,random,25
-0.7514735693658426,-1.707728780601661,CC(C)c1nc(C(=O)NC[C@H]2[C@@H]3CN(CC(C)(C)F)C[C@H]23)c2ccccn12,CYP3A4,RF,random,25
0.9634766917599138,0.3694781232767585,N#Cc1c[nH]c(C(=O)Nc2ccc(C3CCN(Cc4ccccn4)CC3)cc2C2=CCCCC2)n1,CYP3A4,RF,random,25
0.5422575109267205,5.087976994571854,CC(=O)Nc1nc2ccc(-c3ccc(N)nc3)cc2s1,CYP3A4,RF,random,25
-0.10684689575550727,0.8983222525454284,NC(=O)[C@]12CC3CC(C1)[C@@H](OC(=O)N1CC[C@@H](Nc4ncccc4C(F)(F)F)C1)C(C3)C2,CYP3A4,RF,random,25
1.0914480799004957,1.09899294800758,CN(C)CC#Cc1c(Oc2ccc(NC(=O)NC(=O)Cc3ccc(F)cc3)cc2F)ccnc1N,CYP3A4,RF,random,25
0.3580648878350626,-0.8521942581485771,CCN(c1ccccc1)S(=O)(=O)c1ccc(NC(=O)CN(C)C2CCN(C)CC2)c(Cl)c1.Cl,CYP3A4,RF,random,25
-0.1472693070609049,-0.7409686230383539,Nc1nccn2c1c(-c1ccc3ccc(-c4ccccc4)nc3c1)nc2[C@H]1C[C@@H](N2CCCC2)C1,CYP3A4,RF,random,25
0.13370381083637675,-0.0155412936711147,COc1cc(C(=O)NC(c2nc(C(=O)Nc3ccccc3C(=O)c3ccccc3)cs2)C(C)C)cc(OC)c1OC,CYP3A4,RF,random,25
-0.5138986298296804,-1.1266311038503378,Cc1nnc2sc(C(=O)NCc3ccc(-c4ccc(F)nc4)cc3)c(N)c2c1C,CYP3A4,RF,random,25
0.08110489667339835,0.5881673242415886,CC(C)Nc1noc2c(-c3ccc4c(N5CCOC[C@@H]5C)nncc4c3)c(Cl)ccc12,CYP3A4,RF,random,25
0.7126642753112394,1.3990975404579178,COc1cc2c(cc1-c1c(C)noc1C)ncc1[nH]c(=O)n(C(C)c3ccccc3)c12,CYP3A4,RF,random,25
1.0393883747735433,2.092244721017863,CC(C)(C)OC(=O)Nc1cccc(CCNC(=O)CC2(C)CC3(CCCCC3)OO2)c1,CYP3A4,RF,random,25
-1.1655244972972538,-1.4912742174382476,O=C(c1ccc(F)cc1-n1nccn1)N1CCOC[C@H]1Cc1cccc(-n2nccn2)c1,CYP3A4,RF,random,25
0.15383735204996732,1.2084771808492685,C=CCN1CC(=O)N2[C@@H](Cc3ccc(O)cc3)C(=O)N(Cc3cccc4c(-c5ccc(C(=O)Nc6ccc(N)cc6)cc5)cn(C)c34)C[C@@H]2N1C(=O)NCc1ccccc1,CYP3A4,RF,random,25
-1.2966444051363573,-0.3056505517805075,Cc1csc(-c2nnc3n2CCN(C(=O)c2ccc(-c4cccs4)cc2)[C@@H]3C)n1,CYP3A4,RF,random,25
-1.1361996628608364,-2.225243392518447,O=C(NCC1CCC1)c1cnc(Nc2cccc(Cl)c2)nc1C(F)(F)F,CYP3A4,RF,random,25
4.163856092179089,5.598802618337844,CC#Cc1cccc(C[C@H](NC(=O)COC)[C@H](O)CN[C@H]2CC3(CCC3)Oc3ncc(CC(C)(C)C)cc32)c1,CYP3A4,RF,random,25
1.2086084223671545,-0.137769679141348,Cc1cc(Nc2cc(C)c(C#N)c(N[C@@H](C)CCCC(C)(C)O)n2)n[nH]1,CYP3A4,RF,random,25
0.29408086100532055,-0.3926619287701367,Cc1ccc2c(OCCN3CCN(Cc4ccc5c(c4)N(Cc4ccccc4)C(=O)CO5)CC3)cccc2n1,CYP3A4,RF,random,25
0.9211484084989344,0.9608426095267628,COc1cc2c(Nc3ccccc3C(=O)c3ccccn3)c(C(N)=O)cnc2cc1-c1c(C)noc1C,CYP3A4,RF,random,25
-0.3721757579330052,0.5446822123018507,Cc1cc(CN2Cc3nc(C)c(CN)c(-c4ccc(Cl)cc4Cl)c3C2=O)no1,CYP3A4,RF,random,25
2.0785241596510344,1.3990975404579178,COc1cncc(-c2ccc(CN3CCC4(CC3)C(=O)N(c3cccc(OC)c3)C(=O)N4Cc3ccccc3F)cc2)c1,CYP3A4,RF,random,25
0.775575532127686,0.3874966287794379,CC1=C(C(=O)Nc2ccc3[nH]ncc3c2)C(c2ccc(Cl)cc2F)N=C(c2ccnc(Cl)c2)N1,CYP3A4,RF,random,25
0.7614374601655999,0.9608426095267628,Cc1cc(-c2ccnn2C)c2cccc(OCc3c(C)ccnc3CNC(=O)C(C)C)c2n1,CYP3A4,RF,random,25
4.122560441506877,4.132465549544418,CCC[C@@H](CC[C@H](Cc1ccccc1)NC(=O)OCc1cncs1)NC(=O)[C@@H](NC(=O)N(C)Cc1csc(C(C)C)n1)C(C)C,CYP3A4,RF,random,25
-0.33529913385374066,-0.4123828533823381,CCN1CC(n2nccc2-c2cc(Cl)ccc2Oc2ccc(S(=O)(=O)Nc3cscn3)cc2C#N)C1,CYP3A4,RF,random,25
3.533078555329662,3.989364705903745,CC(C)c1nc(CN(C)C(=O)N[C@H](C(=O)N[C@H](/C=C/[C@H](Cc2ccccc2)NC(=O)OCc2cncs2)Cc2ccccc2)C(C)C)cs1,CYP3A4,RF,random,25
0.6139885809451583,0.0253819615448875,Cc1nc2c(c(-c3ccc(Cl)cc3Cl)c1CN)C(=O)N(Cc1ccn(C)n1)C2,CYP3A4,RF,random,25
3.4574661003859473,4.023266257579426,Cn1ccnc1S(=O)(=O)N1CCN(c2ccc(OC[C@@H]3CO[C@@](Cn4ccnc4)(c4ccc(Cl)cc4Cl)O3)cc2)CC1,CYP3A4,RF,random,25
0.2441457713095841,-0.4727046364436731,C/C(CN(C[C@H]1Cc2ccccc2CN1)[C@H]1CCCc2cccnc21)=C(\F)CN,CYP3A4,RF,random,25
-1.147702961192978,-1.239959789157341,CC(=O)N1CCC(C(=O)N2C[C@@H](c3nc(C(C)(C)c4cc(C(F)(F)F)cc(C(F)(F)F)c4)no3)[C@H](c3ccc(F)cc3C)C2)CC1,CYP3A4,RF,random,25
0.007677325386056701,-2.5129254649702286,Cc1n[nH]c(C)c1Cc1sc2c(c1C(=O)N1C[C@H](O)CO1)c(=O)n(C)c(=O)n2CC(C)C,CYP3A4,RF,random,25
-0.4997371310229256,-1.3089526606442927,CC[C@@H]1C[C@@H](O)C[C@H](COC(=O)N2CCN(CCO)CC2)N1S(=O)(=O)c1ccc(Cl)cc1,CYP3A4,RF,random,25
0.45770697557899387,-0.2103403719761836,Cc1cc(C)c(S(=O)(=O)N[C@@H](C)CNc2cccc3c2cnn3-c2ccc(F)cc2)c(C)c1,CYP3A4,RF,random,25
-0.7981136178826027,0.4188934828401098,CCCCCCSc1nc2cc(OC)ccc2[nH]1,CYP3A4,RF,random,25
0.46306337276842446,0.4828068085837618,Cc1cnc2[nH]cc(Cc3cnc(NCc4cccc(C)n4)nc3)c2c1,CYP3A4,RF,random,25
-0.18216340384584648,0.5661884175228131,CNC[C@H](CC1CCCCC1)NC(=O)N1CCC[C@@H]([C@@H](OCCNC(=O)OC)c2cccc(Cl)c2)C1,CYP3A4,RF,random,25
-0.32169333670895384,-1.4912742174382476,N[C@@H](Cn1c(=O)c(-c2ccc(CNCC(=O)O)cc2)cn(Cc2c(F)cccc2C(F)(F)F)c1=O)c1ccccc1,CYP3A4,RF,random,25
-0.42669852439537487,1.1328944996832613,C=CCN1CC(=O)N2[C@@H](Cc3ccc(O)cc3)C(=O)N(Cc3cccc4c(C(=O)Nc5ccc(OC)cc5)cn(C)c34)C[C@@H]2N1C(=O)NCc1ccccc1,CYP3A4,RF,random,25
0.04683026146321531,1.0626253038367048,CCc1c(F)cncc1-c1nc2ccc(F)cn2c1C1CC1,CYP3A4,RF,random,25
-0.6563509180436714,-0.0359869848314051,COc1ccc(C[C@@H]2COCCN2C(=O)c2ccccc2-n2nccn2)cc1-c1ncco1,CYP3A4,RF,random,25
0.0627749098592985,1.216775983663963,c1ccc(Cn2nnnc2C(c2ccc3occc3c2)N2CCCN(C3CCC3)CC2)cc1,CYP3A4,RF,random,25
0.3770103959541359,0.077341700475598,CS(=O)(=O)Nc1cccc(CC(=O)Nc2cc(-c3ccnc(Cl)c3)cs2)c1,CYP3A4,RF,random,25
-0.4147030569222326,-0.1798811644914746,Cc1cc(C(=O)N2C[C@@H](C)OC[C@H]2Cc2cccc(-n3nccn3)c2)c(-n2nccn2)cc1C,CYP3A4,RF,random,25
2.050404385873538,4.394829814011908,Cn1cc(C[C@@H](NC(=O)N2CCC(n3c(=O)[nH]c4ccccc43)CC2)C(=O)N2CCC(N3CCCCC3)CC2)c2ccccc21,CYP3A4,RF,random,25
3.8048272853543628,6.697414907005954,Cl.NCCN(C(=O)c1ccc(F)cc1C(F)(F)F)c1ccc(OCc2ccc(Cl)cc2)cc1,CYP3A4,RF,random,25
0.9472346322690539,2.315388272332073,Oc1cccc(-c2cnc(-c3cccc(O)c3)s2)c1,CYP3A4,RF,random,25
0.6925382178883267,0.1871565664828054,COc1ccc2ccc(-c3cncc(O)c3)c(Cl)c2c1,CYP3A4,RF,random,25
-1.6476514489754364,-2.0821425488777745,O=C(NCC1CCCC1)c1cnc(Nc2cccc(Cl)c2)nc1C(F)(F)F,CYP3A4,RF,random,25
0.9973315870074987,-0.5178250717241433,C[C@H]1CN(S(=O)(=O)C[C@]23CC[C@H](C[C@@H]2O)C3(C)C)CCN1c1ncc(C(F)(F)F)cc1F,CYP3A4,RF,random,25
0.22980221805635068,-1.123425972901389,O=c1ccc2c(O)c3ccoc3cc2o1,CYP3A4,RF,random,25
-0.923011902392631,-0.4727046364436731,COc1cc(C(=O)N2CCOC[C@H]2Cc2cc(-n3nccn3)ccc2F)c(-n2nccn2)cc1Cl,CYP3A4,RF,random,25
0.5322842760898834,0.2516950876203765,Cc1cc(-c2ccc(F)cc2)cc2[nH]c(-c3c(N[C@H](CO)Cc4ccccc4)cc[nH]c3=O)nc12,CYP3A4,RF,random,25
-0.3760602099766709,-0.1695183774559279,CC[C@@H]1CN(C(=O)c2ccc(C)cc2-n2nccn2)[C@H](Cc2cccc(-n3nccn3)c2)CO1,CYP3A4,RF,random,25
-0.9354474507363898,-1.3089526606442927,O=C(c1cccc(Cl)c1-n1nccn1)N1CCOC[C@H]1Cc1cc(-n2nccn2)ccc1F,CYP3A4,RF,random,25
0.6403863492770742,0.8102003812717715,CC[C@H](N)C(=O)N[C@H](C#N)Cc1ccc(-c2ccccc2)cc1,CYP3A4,RF,random,25
0.2206990782137825,0.2359467306522376,CCOC(=O)N1Cc2nc(C)c(CN)c(-c3ccc(Cl)cc3Cl)c2C1=O,CYP3A4,RF,random,25
-0.2197084467141905,-1.2182982923761614,COc1cccc(/C=C/C(=O)c2cc(OC)c(OC)cc2O)c1,CYP3A4,RF,random,25
2.9888147451024527,2.477907201829848,N[C@H]1CC[C@@](CCOc2cc(F)c(S(=O)(=O)Nc3ncns3)cc2F)(c2ccccc2)CC1,CYP3A4,RF,random,25
0.1394577069089331,0.0614683513193075,C=CCN1CC(=O)N2[C@@H](Cc3ccc(O)cc3)C(=O)N(Cc3cccc4c(C(=O)Nc5ccc(OCCOC)nc5)cn(C)c34)C[C@@H]2N1C(=O)NCc1ccccc1,CYP3A4,RF,random,25
-0.48347278114921416,0.077341700475598,CC1(C)CCC(C)(C)c2cc(C3(c4ccc(CCC(=O)O)cc4)SCCS3)ccc21,CYP3A4,RF,random,25
3.0331505007625608,3.0085354528920183,CC(C)(CO)N1CCN(C(=O)OC2([C@H]3CCC[C@@H](c4cc(F)cc(F)c4)N3S(=O)(=O)c3ccc(Cl)cc3)CC2)CC1,CYP3A4,RF,random,25
1.2314042361742568,0.1901371946209433,CCCCNc1nc(N)nc2cccc(OCc3cccnc3)c12,CYP3A4,RF,random,25
1.8002290963222873,2.092244721017863,O=C(NCc1ccncc1)c1ccc(Oc2ccc(F)cc2)cc1,CYP3A4,RF,random,25
-0.8715699396118329,-0.9522777167055594,C[C@@H]1CN(C(=O)c2cccc(Cl)c2-n2nccn2)[C@H](Cc2cc(-n3nccn3)ccc2F)CO1,CYP3A4,RF,random,25
0.46933653591396374,-0.7981270368783022,COc1cc2ccc(C(O)(c3ccncn3)C(C)C)cc2cc1OC,CYP3A4,RF,random,25
0.8627723807432044,0.5446822123018507,CC[C@@H]1CCC[C@H](C2(CC(=O)N3CC4CCC(C3)N4C)CC2)N1S(=O)(=O)c1ccc(Cl)cc1,CYP3A4,RF,random,25
0.7147083877123249,-0.2103403719761836,CC(C)[C@@H](O)C(=O)N1CCN(c2ccc3[nH]ncc3c2)CC1,CYP3A4,RF,random,25
-0.24671322349880603,0.993632432349754,O[C@]1(c2ccc(F)c(F)c2)CCNC[C@@H]1c1cc(-c2ccc(F)cc2Br)no1,CYP3A4,RF,random,25
2.0140847084079545,0.2676954289668174,COc1cccc(N2C(=O)N(Cc3ccccc3F)C3(CCN(Cc4ccc(-c5cncc(C#N)c5)cc4)CC3)C2=O)c1,CYP3A4,RF,random,25
-1.4411821407206076,-1.5453414387085225,O=C(O)C1(c2ccc(-c3ccc(-c4ccc(F)cc4)c(F)c3)c(F)c2)CC1,CYP3A4,RF,random,25
-1.3133071467271744,-2.45741275503997,Cc1cc(C(=O)N/N=C/c2ccc(Cl)cc2)c2c(C)nn(-c3ccccc3)c2n1,CYP3A4,RF,random,25
-0.38560271398475005,1.9969345412135384,c1cncc(-c2ccc(C3SCCS3)o2)c1,CYP3A4,RF,random,25
-0.39258703390632627,0.051024392158224,O=c1cc(OCc2ccccc2)ccn1-c1ccc2c(cnn2CCN2CC[C@H](O)C2)c1,CYP3A4,RF,random,25
1.8050043939923799,3.142066845516541,C(=C/CN(C[C@H]1Cc2ccccc2CN1)[C@H]1CCCc2cccnc21)\CNCc1ccncc1,CYP3A4,RF,random,25
0.4126468081706288,0.993632432349754,CCn1c(C(=O)N(C2CC2)C2CC2)cc2c3c(ncn3C)c(Nc3nc(C)c(C)s3)nc21,CYP3A4,RF,random,25
0.07940925286396693,1.450390834845468,O=C(Nc1ccn(-c2cn(Cc3cccc(C(F)(F)F)c3)cn2)c(=O)c1)c1cscn1,CYP3A4,RF,random,25
0.9697972203679486,-0.1049798563183568,N#Cc1cnc2c(Cl)cc(NCc3cnc[nH]3)cc2c1Nc1ccc(F)c(Cl)c1,CYP3A4,RF,random,25
0.6177464543977588,1.0414230961861015,C=CCN1CC(=O)N2[C@@H](Cc3ccc(O)cc3)C(=O)N(Cc3cccc4c(C(=O)N(C)CCN5CCOCC5)cn(C)c34)C[C@@H]2N1C(=O)NCc1ccccc1,CYP3A4,RF,random,25
1.7510438162661373,1.5044580561157437,O=C1COc2cc(Cl)c(Cl)cc2N1CC(=O)N1CCCC(c2ccccc2)C1CN1CCCC1,CYP3A4,RF,random,25
-0.44969295227790157,-0.6091164919335501,O=C(Cc1cccc(OCCN2CCNCC2)c1)Nc1nc(-c2c[nH]c3ncccc23)cs1,CYP3A4,RF,random,25
2.3705356104115203,-0.6158054800843473,CC(C)c1nc(COC(=O)N[C@H](C(=O)N[C@@H](Cc2ccccc2)[C@H](O)CN2CCN(Cc3cncs3)C[C@H]2C(=O)NC(C)(C)C)C(C)C)cs1,CYP3A4,RF,random,25
-0.5182337056912071,-0.6158054800843473,O=C([C@@H](c1ccc(Cl)cc1)c1cccnc1)N1CCN(c2ccc(C(F)(F)F)cc2)CC1,CYP3A4,RF,random,25
0.8251538515236744,1.216775983663963,O=C(N[C@H](Cc1cc(Br)c(O)c(Br)c1)C(=O)N1CCC(N2CCCCC2)CC1)N1CCC(n2c(=O)[nH]c3ccccc32)CC1,CYP3A4,RF,random,25
1.5422174117661562,2.765589274281629,Fc1cccc(OC(CC2CNC2)c2ccc(Cl)c(F)c2)c1,CYP3A4,RF,random,25
-0.0448711182167025,-0.6290507068343683,NCc1ccccc1CN(C[C@H]1Cc2ccccc2CN1)[C@H]1CCCc2cccnc21,CYP3A4,RF,random,25
1.3122306911625659,2.315388272332073,CC(C)c1c(-c2nnc(N(C)C)o2)cn2ncnc(Nc3cc(C(=O)NC4CC4)c(F)cc3F)c12,CYP3A4,RF,random,25
2.248973927094882,0.993632432349754,CCc1nc(N)nc(N)c1-c1ccc2c(c1)N(CCCOC)C(=O)C(CC)(CC)O2,CYP3A4,RF,random,25
0.5468478283512493,0.4828068085837618,COc1ccnc2[nH]cc(Cc3ccc(NCc4ccc(Cl)cc4)nc3F)c12,CYP3A4,RF,random,25
1.425424968203935,2.082294390164696,CCN(CC)[C@H](C)[C@@H](c1ccc2cc(OCC3(C(=O)O)CCCC3)ccc2c1)n1ccnc1,CYP3A4,RF,random,25
-0.12898187176563242,-0.2103403719761836,CNC(=O)CCC1(c2ccccc2)CCCN(C(=O)Nc2ccc(Cl)cc2)C1,CYP3A4,RF,random,25
2.2271546211202624,2.7853919015778086,N#Cc1ccccc1Cn1c(N2CCC[C@@H](N)C2)nc2cccc(F)c2c1=O,CYP3A4,RF,random,25
2.0618231681814194,2.092244721017863,N[C@@H](CC(=O)N1CCN(C(=O)c2ccc(O)cc2)CC1)Cc1cc(F)c(F)cc1F,CYP3A4,RF,random,25
0.2302829832217794,-0.9987977323404528,Cc1c[nH]c2ncnc(-c3ccc(NC(=O)Nc4cccc(C(=O)NC(C)C)c4)cc3)c12,CYP3A4,RF,random,25
0.6381482291804373,-1.1266311038503378,CC(=O)Nc1cc(-c2cccc(N(C)C)n2)nc(-n2nc(C)cc2C)n1,CYP3A4,RF,random,25
-0.7825742562666871,-0.9987977323404528,COc1cc(C(=O)N2CCOC[C@H]2Cc2cccc(-n3nccn3)c2)c(-n2nccn2)cc1F,CYP3A4,RF,random,25
0.5157549376980783,1.450390834845468,COc1cc(/C=C2\SC(=O)NC2=O)ccc1Oc1ccccc1C(F)(F)F,CYP3A4,RF,random,25
0.8060390575803001,1.9099231642239085,CC(C)C(O)(c1cccc(-c2ccccc2)c1)c1c[nH]cn1,CYP3A4,RF,random,25
4.284685015554065,5.598802618337844,COCC(=O)N[C@@H](Cc1ccc(-c2nccs2)cc1)[C@H](O)CN[C@H]1CC2(CCC2)Oc2ncc(CC(C)(C)C)cc21,CYP3A4,RF,random,25
-0.20138948814329535,-1.1226230824527992,CCCCN1C(=O)[C@H](CC2CCCCC2)NC(=O)C12CCN(Cc1ccc(Oc3ccc(C(=O)O)cc3)cc1)CC2.Cl,CYP3A4,RF,random,25
2.470527770222093,4.593280752735747,COc1ccccc1COCCCOc1ccc(N2C(=O)CNC[C@@H]2COc2ccc3c(c2)N(CCNC(C)=O)CCC3)cc1,CYP3A4,RF,random,25
0.749736885376605,1.450390834845468,O=C(Nc1cccc(Cl)n1)c1cc(Cl)cc(Oc2cncnc2)c1,CYP3A4,RF,random,25
-0.3761002019477354,-0.7111156598886712,O=S(=O)(Nc1nccs1)c1cc(Cl)c(NCC2CCCC3(C2)OCCO3)cc1F,CYP3A4,RF,random,25
0.7944035748069672,1.0275339840254345,CC(C)NC(=O)c1cccc(NC(=O)Nc2ccc(-c3ncnc4c3ccn4C)cc2)c1,CYP3A4,RF,random,25
4.506523740720648,3.0085354528920183,COCC(=O)N[C@@H](Cc1cccc(-c2ccccn2)c1)[C@H](O)CN[C@H]1CC2(CCC2)Oc2ncc(CC(C)(C)C)cc21,CYP3A4,RF,random,25
-1.8638460800012706,-1.740302082908487,CC#CCn1c(N2CCC[C@@H](N)C2)cc(=O)n(Cc2ccc3ccc(Cl)cc3n2)c1=O,CYP3A4,RF,random,25
2.2037970984264303,1.450390834845468,O=C(C1=C(c2ccc(CCCOc3c(F)ccc(F)c3Cl)cc2)C[C@H]2CC[C@H]1N2)N(Cc1cccc(Cl)c1Cl)C1CC1,CYP3A4,RF,random,25
1.7245319182737666,5.0110159534357255,COc1ccccc1COCCCOc1ccc(N2C(=O)CNC[C@@H]2COc2ccc3c(c2)N(CCOC(=O)C(C)C)CCC3)cc1,CYP3A4,RF,random,25
1.251014094007829,7.2082405307719455,CCN(CC)C(c1cccc(Nc2ccnc3cc(Cl)ccc23)c1)c1nnnn1C(C)(C)C,CYP3A4,RF,random,25
3.9052669712144388,6.825248278515839,COc1cnc(-c2ccc(Cn3c(CC(C)(C)C(=O)O)c(SC(C)(C)C)c4cc(OCc5ccc(C)cn5)ccc43)cc2)nc1,CYP3A4,RF,random,25
4.122838573258973,9.0,O=C1CC(c2cccc(-n3ccnc3)c2)=Nc2cc(O)c(-c3ccccc3F)cc2N1,CYP3A4,RF,random,25
2.864267512993966,1.175953989143708,Cl.Fc1cccc(CCCNCCc2ccnc(-n3ccnc3)n2)c1,CYP3A4,RF,random,25
0.285788154210399,0.9290939112121812,COc1ccc(C[C@@H]2COCCN2C(=O)c2ccccc2-n2nccn2)cc1-c1nccs1,CYP3A4,RF,random,25
2.578677345601672,3.478539082137754,N#Cc1ccccc1Cn1c(N2CCC[C@@H](N)C2)nc2ccc(Br)cc2c1=O,CYP3A4,RF,random,25
7.728679598404044,8.167090877064895,O=C(OC1([C@H]2COC[C@@H](CC3CC3)N2S(=O)(=O)c2ccc(Cl)cc2)CC1)N1CC2CCC(C1)N2CCO,CYP3A4,RF,random,25
-0.06694213293047721,1.3990975404579178,CCN(CC)CCCN(Cc1ccc(-c2ccc(Cl)cc2)cc1)C(=O)Cn1cc(Cc2cnn(C)c2)c(=O)nc1SCc1ccc(F)cc1,CYP3A4,RF,random,25
0.3961233775364775,0.4828068085837618,O=C(Nc1cnc(-c2ccncc2F)c(-c2cnco2)n1)C1CC1,CYP3A4,RF,random,25
2.5476404617745563,4.394829814011908,O=S(=O)(Nc1ccc(-n2ccnc2)cc1)c1cc(Cl)cc(Cl)c1,CYP3A4,RF,random,25
1.344968034343566,1.303787360653593,CC(C(c1ccc2cc(OCC(=O)O)ccc2c1)n1ccnc1)N(C)C,CYP3A4,RF,random,25
1.2165338361793026,1.829880456550372,O=C([C@H](Cc1ccc(Br)cc1)NC(=O)C1(c2ccc(Cl)cc2Cl)CC1)N1CCC(O)CC1,CYP3A4,RF,random,25
1.5905353512993747,0.3004852517898086,CC(C)N1CCC(Oc2ccc3c(c2)cc2n3CCN(Cc3ccncc3)C2=O)CC1,CYP3A4,RF,random,25
-0.4997192185921764,0.9608426095267628,NCc1noc(-c2nn(Cc3ccccc3)c3ccccc23)n1,CYP3A4,RF,random,25
0.315200955783754,0.0128031793380269,C[C@H]([C@@H](c1ccc2cc(OCC3(C(=O)O)CCCCC3)ccc2c1)n1ccnc1)N(C)C,CYP3A4,RF,random,25
0.7391066931471404,0.8832843751808888,CN(C[C@H]1Cc2c(cccc2N2CCN(c3ncccn3)CC2)CN1)[C@H]1CCCc2cccnc21,CYP3A4,RF,random,25
1.8216148652198538,1.9969345412135384,CC(=O)N1CCN(c2cc(C)c3nc(-c4c(NC[C@@H](O)c5cccc(Cl)c5)cc[nH]c4=O)[nH]c3c2)CC1,CYP3A4,RF,random,25
6.179041599566528,6.3899302072579935,CC(C)[C@@H]1COC[C@H](C2(OC(=O)N3CC[C@@H](O)C3)CC2)N1S(=O)(=O)c1ccc(Cl)cc1,CYP3A4,RF,random,25
1.450083302308982,-0.4418488396220201,O=C(Nc1ccc(Oc2ccc(F)cc2)cc1)[C@@H]1C[C@@H](Cc2ccc(F)cc2)CN1C(=O)Cn1cncn1,CYP3A4,RF,random,25
-0.9373599351740298,-0.6158054800843473,C[C@@H]1CN(C(=O)c2cc(Cl)ccc2-n2nccn2)[C@H](Cc2cc(-c3ncccn3)ccc2F)CO1,CYP3A4,RF,random,25
0.4445542343360151,2.913225273087693,CNC(=O)c1c(-c2ccc(F)cc2)oc2nc(CCC(F)(F)F)c(-c3cc(C(=O)NC(C)(C)c4ncon4)c(=O)n(C)c3)cc12,CYP3A4,RF,random,25
-0.06202066513785908,2.6030703447838537,Cc1[nH]cnc1CN1CCc2c(c3ccccc3n2C)C1=O,CYP3A4,RF,random,25
1.361979527113376,5.087976994571854,CCOC(=O)c1[nH]cc2c1NC1=C(C(=O)CCC1)C2c1ccc(Sc2nc3cccc(Cl)c3[nH]2)o1,CYP3A4,RF,random,25
3.7809563185529766,9.0,Cc1cncc(Oc2c(Cl)cc(NS(=O)(=O)c3ccc(Cl)cc3Cl)cc2Cl)c1,CYP3A4,RF,random,25
-1.261205674046897,-2.4489201349943155,CCCCOc1ccc(-c2ccnn2C)cc1,CYP3A4,RF,random,25
0.4934039339556328,-0.503009985939002,CN(C)C(=O)Cn1c(=O)n(C)c(=O)c2c1cc(N1CCC[C@@](C)(N)C1)n2Cc1cc(F)ccc1Cl.Cl,CYP3A4,RF,random,25
1.6640610731740233,2.2906956597417016,CC(C)(C)OC(=O)N[C@H](Cc1ccccc1C(F)(F)F)C(=O)NCc1nc2cccnc2n1C1(c2ccccc2)CC1,CYP3A4,RF,random,25
0.8158963410544836,0.33438680346549,OC(Cn1cncn1)(c1ccc(F)cc1F)C(F)(F)c1ccc(-c2ccc(OCC(F)(F)F)cc2)cn1,CYP3A4,RF,random,25
0.592261278959539,0.9416726934190418,CN(C[C@H]1Cc2c(cccc2N2CCN(c3ccccn3)CC2)CN1)[C@H]1CCCc2cccnc21,CYP3A4,RF,random,25
2.2967080122480157,2.092244721017863,Cc1nn(C2CCN(C(=O)[C@@H](C)N)CC2)c(C)c1Nc1ncc(Cl)c(-c2cnn3ccccc23)n1,CYP3A4,RF,random,25
0.6746285243920707,0.9608426095267628,Cc1cc(Br)cc2[nH]c(-c3c(N[C@H](CO)Cc4ccccc4)cc[nH]c3=O)nc12,CYP3A4,RF,random,25
1.1172967904041091,0.8394817525224951,C[C@@H](Oc1cc(-n2cnc3cc(-c4ccnc(NCCS(C)(=O)=O)c4)ccc32)sc1C(N)=O)c1ccccc1Cl,CYP3A4,RF,random,25
0.05384785557567594,1.561616469955693,COc1ccc(C(=O)NCc2cccc(C(=O)Nc3ccc4c(c3)CN(C)CC4)c2)cc1OC,CYP3A4,RF,random,25
0.25928037420710187,0.2676954289668174,CN1C(=O)C2=C(C1=O)N(CC(=O)Nc1ccc(-c3cccnc3)nn1)CCC2,CYP3A4,RF,random,25
-0.09523986376417741,2.197605236675689,Cc1nc2c(c(-c3ccc(Cl)cc3Cl)c1CN)C(=O)N(Cc1ccccc1)C2,CYP3A4,RF,random,25
1.0731382084745256,1.3436628335698169,Br.Oc1ccc(-c2ccc3c(c2)CCC=C3c2ccncc2)cc1F,CYP3A4,RF,random,25
3.1795651289638656,3.519361076658009,CCc1cccc(-c2c(F)cccc2C(O)(CCCNC(=O)OC)[C@@H]2CCCN(C(=O)CCCN)C2)c1,CYP3A4,RF,random,25
1.484125507717803,1.0879431118209943,CCCCc1nc2cc(/C=C/C(=O)NO)ccc2n1CCN(CC)CC.Cl.Cl,CYP3A4,RF,random,25
-0.26890360416853115,-0.3056505517805075,CCc1cn(CC(=O)N(CCN(CC)CC)Cc2ccc(-c3ccc(C(F)(F)F)cc3)cc2)c(SCc2ccc(F)cc2)nc1=O,CYP3A4,RF,random,25
2.7631499536679023,3.2009073455394743,O=C(N[C@@H](c1ccccn1)C1CCCC1)c1ccc2[nH]nc(-c3ccc(N4[C@H]5COC[C@H]4CC(O)C5)cc3)c2c1,CYP3A4,RF,random,25
2.4299240167670195,4.9056554377779,Cc1cc(-n2ccnc2)cc2[nH]c(-c3c(N[C@H](CO)Cc4ccccc4)cc[nH]c3=O)nc12,CYP3A4,RF,random,25
1.0655116537274059,-0.2103403719761836,Cc1cc(C(=O)NC2CC2)cc2[nH]c(-c3c(NCC(O)c4cccc(Cl)c4)cc[nH]c3=O)nc12,CYP3A4,RF,random,25
-0.6231777685342235,-1.0432494949112865,Cc1cc(C2CCN(CCO)CC2)cc2[nH]c(-c3c(NCCn4cc(Cl)cn4)cc[nH]c3=O)nc12,CYP3A4,RF,random,25
2.294405231383448,4.3086521177708565,c1ccc(CNCc2ccc(CN(C[C@H]3Cc4ccccc4CN3)[C@H]3CCCc4cccnc43)cc2)nc1,CYP3A4,RF,random,25
-1.1205160102560439,-1.7789562898900275,C[C@@H](c1ccc(-c2ccc(=O)n(C)c2)cc1)N1CC[C@](CC(C)(C)O)(c2ccccc2)OC1=O,CYP3A4,RF,random,25
0.7257969986759335,2.1756263299569136,Cn1c(SCCCN2CC3CCN(c4ccccc4C(F)(F)F)C3C2)nnc1-c1cccnc1,CYP3A4,RF,random,25
-0.15381943293442835,0.4245379004597875,CC(C)(O)CN1CCC(N(c2ccc(C(F)(F)F)cc2)c2cccnc2)CC1,CYP3A4,RF,random,25
1.0458296469517536,0.7839119013676843,COc1cccc(CNC(=O)CC2(C)CC3(CCCCC3)OO2)c1,CYP3A4,RF,random,25
-0.2004873756132511,-2.302204433654575,CC(C)C(O)(c1ccc2cc(-c3cccs3)ccc2c1)c1c[nH]nn1,CYP3A4,RF,random,25
0.06772991458379843,0.993632432349754,CCn1cc(C(=O)N2CCc3ccsc3C2Cc2ccc(OC)c(OC)c2)c2ccccc21,CYP3A4,RF,random,25
0.8657538981502678,0.5030095159012813,CC(C)C[C@H](NCCN)c1cccc(F)c1N1CCN(C(=O)[C@@H](Cc2ccc(Cl)cc2Cl)N2CCCC2=O)CC1,CYP3A4,RF,random,25
-0.4030156505307727,-1.4341158035982993,CCS(=O)(=O)c1cc2cc(C[C@](O)(CC(C)(C)c3ccccc3C(N)=O)C(F)(F)F)[nH]c2cn1,CYP3A4,RF,random,25
0.7300914962637673,2.8262138960980634,CC(C)C[C@H](NCCO)c1cccc(F)c1N1CCN(C(=O)[C@@H](Cc2ccc(Cl)cc2Cl)N2CCCC2=O)CC1,CYP3A4,RF,random,25
1.0306046336141583,1.1961566964612276,Nc1ccc(-c2ccc(Cc3ccncc3)cc2)cc1,CYP3A4,RF,random,25
1.6118198261953742,1.6348198739789872,Oc1cccc(-c2ccc3cc(O)ccc3c2)c1,CYP3A4,RF,random,25
-0.39594423116698935,0.2628683882185019,COc1ccc2[nH]c(SCC3CCCCC3)nc2c1,CYP3A4,RF,random,25
-0.15478568281917945,-1.5966347330960726,CC1Cc2c(Cl)cccc2N1C(=O)Cc1nc(N2CCOCC2)sc1C(N)=O,CYP3A4,RF,random,25
0.8353977470262645,-1.6689553946756988,CC(=O)Nc1cc(-c2ccccc2)nc(-n2nc(C)cc2C)n1,CYP3A4,RF,random,25
0.8753889369513072,0.4828068085837618,Fc1cncc(CNc2ccc(Cc3c[nH]c4ncc(Cl)cc34)c(F)n2)c1,CYP3A4,RF,random,25
2.4498256236574374,3.296217525343799,COc1ccc(Cc2nc3c(n2C)CCc2cc(-c4ccnc(C)c4)ccc2C3=O)cc1,CYP3A4,RF,random,25
0.524937081096932,-1.4341158035982993,CCOC(=O)c1[nH]cc2c1NC1=C(C(=O)CCC1)C2c1ccc(Sc2nc3ccc(F)c(F)c3[nH]2)o1,CYP3A4,RF,random,25
0.5589366838698511,1.9969345412135384,C=CCN1CC(=O)N2[C@@H](Cc3ccc(O)cc3)C(=O)N(Cc3cccc4c(C(=O)NCCCN5CCOCC5)cn(C)c34)C[C@@H]2N1C(=O)NCc1ccccc1,CYP3A4,RF,random,25
0.2953250268853102,-0.2301429992723616,c1cc(-c2noc(C3CCCCC3)n2)ccn1,CYP3A4,RF,random,25
1.276093746884992,-1.3287552879404725,COc1cc2c(cc1O)-c1cc3ccc(OC)c(OC)c3c[n+]1CC2,CYP3A4,RF,random,25
1.9898054283641677,3.296217525343799,O=C(Cn1ccnc1)c1ccc(-c2ccc(N3C[C@H](Cn4ccnn4)OC3=O)cc2F)cn1,CYP3A4,RF,random,25
-0.07254040350753561,-0.0710783046426755,Cn1c(-c2ccoc2)c(C2CCCCC2)c2ccc(C(=O)NC(C)(C)C(=O)Nc3ccc(/C=C/C(=O)O)cc3)cc21,CYP3A4,RF,random,25
-1.5786442228819744,-1.8197782844102832,Cc1nc(-c2nnc3n2CCN(C(=O)c2ccc(-c4cccs4)cc2)[C@@H]3C)cs1,CYP3A4,RF,random,25
-0.45490349164867555,-2.4947614943425567,CC1=C[C@@H](O)[C@@]23O[C@]2(C)C[C@@H]2OC(=O)C(C)=C2C[C@@H]13,CYP3A4,RF,random,25
-0.24693597833765402,-0.1049798563183568,O=C(C1CCN(Cc2ccncc2)CC1)N1CCC(n2c(=O)n(CCOc3ccccc3)c3ccccc32)CC1,CYP3A4,RF,random,25
0.11991049018162526,3.231679004206228,CC(C)(C)c1ccc(C(O)CCCN2CCC(C(O)(c3ccccc3)c3ccccc3)CC2)cc1,CYP3A4,RF,random,25
-0.28296155646579413,2.847267305295896,Cc1cc(-c2cnn3c(NCC4CCOCC4)nc(Nc4cccc(F)c4)nc23)ccc1C(=O)NC1CC1,CYP3A4,RF,random,25
0.8320696765255581,0.8281179938721799,COc1ccc2cc(-c3cncc4ccccc34)ccc2c1,CYP3A4,RF,random,25
2.673204832428607,3.0085354528920183,N#Cc1cc(S(=O)(=O)Nc2ncns2)ccc1Oc1ccc(Cl)cc1-c1ccn[nH]1,CYP3A4,RF,random,25
0.29652294664014434,-0.2103403719761836,CC(C)(C1CCN(C(=O)c2ccc(S(C)(=O)=O)cc2OC(F)(F)F)CC1)S(=O)(=O)c1cccc(C(F)(F)F)c1,CYP3A4,RF,random,25
0.6373464864613028,-1.6919449129003985,CON(C)C(=O)c1c(Cn2c(C)nc(Cl)c2Cl)sc2c1c(=O)n(C)c(=O)n2CC(C)C,CYP3A4,RF,random,25
1.577319965282416,2.092244721017863,N#Cc1ccc(Cn2cncc2CN[C@H]2CCN(Cc3cccc(Cl)c3)C2=O)cc1,CYP3A4,RF,random,25
0.23074916664487502,-0.2103403719761836,CN(C/C=C/c1ccc(-c2ccccc2)cc1)Cc1coc2ccccc12.Cl,CYP3A4,RF,random,25
1.7497029431820579,1.3990975404579178,CC(C)(CC(O)(Cc1cc2cc(N3CCOCC3)ncc2[nH]1)C(F)(F)F)c1cccc(C(N)=O)c1,CYP3A4,RF,random,25
0.20139037725253708,0.0128031793380269,COC[C@@]12CNCC[C@]1(c1ccc3ccccc3c1)C2,CYP3A4,RF,random,25
-0.7562179004677331,-0.1901376646586641,O=C(c1ccc(Cl)cc1-n1nccn1)N1CCOC[C@H]1Cc1cc(-n2nccn2)ccc1Cl,CYP3A4,RF,random,25
-1.2087346740436635,-2.326595886778735,CCOC(=O)/C=C/c1ccc(C(F)(F)C(O)(Cn2cnnn2)c2ccc(F)cc2F)nc1,CYP3A4,RF,random,25
1.2407320679591407,2.092244721017863,O=C(CC1([C@H]2CCC[C@@H](C3CC3)N2S(=O)(=O)c2ccc(Cl)cc2)CC1)N1CC2CCC(C1)N2CCO,CYP3A4,RF,random,25
-0.20643947066578222,-0.6927665212204754,O=S(=O)(Nc1ccc(-c2ncccn2)cc1)c1cc(Cl)cc(Cl)c1,CYP3A4,RF,random,25
1.1972805239913284,2.8907524172356345,Cc1cc(N2CCN(CCCF)CC2)cc2[nH]c(-c3c(NC[C@@H](O)c4cccc(Cl)c4)cc[nH]c3=O)nc12,CYP3A4,RF,random,25
0.15143068247464947,-0.1484649682580947,COc1cc2c(cc1OC(C)C)[C@H](c1ccc(Cl)cc1)N(c1ccc(N(C)C[C@H]3CC[C@H](N(C)C)CC3)cc1)C(=O)C2,CYP3A4,RF,random,25
0.3474729714245507,-1.571316925111784,CNc1nc2ccccc2n1-c1nc2c(c(C(C)(C)S(C)(=O)=O)n1)OC[C@@H]1COCCN21,CYP3A4,RF,random,25
0.5660667190102039,1.175953989143708,CC1=C(C(=O)Nc2cc3cn[nH]c3cc2F)C(c2ccc(Cl)cc2F)N=C(c2ccnc(Cl)c2)N1,CYP3A4,RF,random,25
-0.7017665999485747,-0.6158054800843473,CCN(CC)CCN(Cc1ccc(-c2ccc(C(F)(F)F)cc2)cc1)C(=O)Cn1cc(SC)c(=O)nc1SCc1ccc(F)cc1,CYP3A4,RF,random,25
0.5066627280876603,2.7853919015778086,Clc1ccc(CN(C2CC2)C2CNC2)cc1Cl,CYP3A4,RF,random,25
0.6741086309311315,0.3172923701061894,N#Cc1ccc(NC(=O)NCc2cccc(C(=O)Nc3ccc4c(c3)CNCC4)c2)cc1,CYP3A4,RF,random,25
1.8965954347733394,3.519361076658009,O=C(N[C@@H](c1ccccc1F)C1CC1)c1ccc2[nH]nc(-c3ccc(N4C5CCC4COC5)cc3)c2c1,CYP3A4,RF,random,25
-0.9784388964176646,-1.2750511089686114,Cc1ccc(C(=O)N2CCOC[C@H]2Cc2cc(-n3nccn3)ccc2Cl)c(-n2nccn2)c1C,CYP3A4,RF,random,25
0.3717073284948487,0.8684692893957475,CCn1nc2c(-c3ccc(Cl)cc3)c(-c3cnn(C)c3)c(=O)n(Cc3ccc(C#N)cc3)n2c1=O,CYP3A4,RF,random,25
0.6675516342041925,1.5044580561157437,CCCC(=O)O[C@@H](C(=O)N1N=CC[C@H]1C(=O)NCc1cc(Cl)ccc1-n1cnnn1)c1ccc(F)cc1,CYP3A4,RF,random,25
-0.311154674728106,0.074678583056114,CCCCOc1ccc(-c2cc[nH]c2)cc1,CYP3A4,RF,random,25
-1.2358354116973995,-0.9987977323404528,O=C(c1ccccc1-n1nccn1)N1CCOC[C@H]1Cc1cc(F)cc(-n2nccn2)c1,CYP3A4,RF,random,25
1.1129842372295413,0.3694781232767585,COCCCc1cc(CN(C(=O)[C@H]2CNCC[C@@H]2c2ccc(OCCOc3c(Cl)cc(C)cc3Cl)cc2)C2CC2)cc(OCC(C)(C)O)c1,CYP3A4,RF,random,25
2.027209718913038,2.092244721017863,N[C@@H](CC(=O)N1CCN(C(=O)c2cccc(C(=O)O)c2)CC1)Cc1cc(F)c(F)cc1F,CYP3A4,RF,random,25
0.6358827292930642,2.092244721017863,Cc1nc2nc(-c3ccccc3)cn2c(-c2ccc(Cl)cc2Cl)c1CN,CYP3A4,RF,random,25
0.5198532133563245,1.1367332759904265,CC(C)NS(=O)(=O)c1cccc(CC(=O)Nc2nc(-c3c[nH]c4ncccc34)cs2)c1,CYP3A4,RF,random,25
1.216294258890826,0.7059503598979724,CC[C@@H]1CCC[C@H](C2(Cc3noc(CN(C)C(C)(C)CO)n3)CC2)N1S(=O)(=O)c1ccc(Cl)cc1,CYP3A4,RF,random,25
0.17016840745049416,-0.4727046364436731,COC[C@H](C)N1Cc2nc(C)c(CN)c(-c3ccc(Cl)cc3Cl)c2C1=O,CYP3A4,RF,random,25
3.9574509846922785,2.8262138960980634,O=C(Nc1ccc(-c2ccnc3[nH]cnc23)cc1)Nc1cccc(Cl)c1,CYP3A4,RF,random,25
-0.4667281437248258,-0.8521942581485771,O[C@]1(c2ccc(F)c(F)c2)CCNC[C@@H]1c1onc(-c2cccc(Cl)c2Cl)c1Br,CYP3A4,RF,random,25
4.2045799925217215,5.598802618337844,C#Cc1cccc(C[C@H](NC(=O)COC)[C@H](O)CN[C@H]2CC3(CCC3)Oc3ncc(CC(C)(C)C)cc32)c1,CYP3A4,RF,random,25
-0.5306960266307993,-0.4405985541757999,c1ccc([C@@H]([C@H](c2ccccc2)N2CCCC2)N2CCCC2)cc1,CYP3A4,RF,random,25
0.2654995208453027,1.2992522054882016,C=CCN1CC(=O)N2[C@@H](Cc3ccc(O)cc3)C(=O)N(Cc3cccc4c(C(=O)Nc5ccc(N6CCC(OC)CC6)nc5)cn(C)c34)C[C@@H]2N1C(=O)NCc1ccccc1,CYP3A4,RF,random,25
2.3178794594201904,3.3652103968307507,CC(C)c1nc(CN(C)C(=O)N[C@H](C(=O)N[C@H](CC[C@H](Cc2ccccc2)NC(=O)OCc2cnc[nH]2)Cc2ccccc2)C(C)C)cs1,CYP3A4,RF,random,25
0.8469892692022878,2.5865410428326427,O=C(NCC1CCOCC1)c1ncccc1NC(=O)c1ccc(Cn2ccnn2)c2ccccc12,CYP3A4,RF,random,25
1.5089392165851516,1.6867796129096986,CN[C@@H](C)C(=O)N[C@H]1CN(C(=O)CC(C)C)c2ccccc2N(Cc2c(OC)ccc3ccccc23)C1=O.Cl,CYP3A4,RF,random,25
1.0647201064785001,0.3517785461773588,CN1C(=N)N[C@@]2(c3cc(-c4ccc(F)c(C#N)c4)cs3)CN(c3ncc(F)cn3)C[C@H]2C1=O,CYP3A4,RF,random,25
4.352764537483156,3.113895968549844,O=C(Nc1ccc(-c2ccncc2)cc1)Nc1ccc(-c2ccnc3[nH]cnc23)cc1,CYP3A4,RF,random,25
0.7664290105414971,1.6637143399787029,C[C@H](C1=C(CCN(C)Cc2nccn2C)Cc2ccccc21)c1cnccn1,CYP3A4,RF,random,25
-0.09987096904783764,0.6500427279596757,COc1ccc2[nH]c(SCc3ccc(Br)cc3)nc2c1,CYP3A4,RF,random,25
0.35211608616693346,-0.2103403719761836,COc1ccc(S(=O)(=O)n2cc(C)c3cc(Cl)cnc32)cc1NC1CCN(C)CC1,CYP3A4,RF,random,25
4.038249178319412,4.212508257217954,CC(=O)NCC[C@H](NC(=O)N(C)Cc1csc(C(C)C)n1)C(=O)N[C@@H](CC[C@@H](Cc1ccccc1)NC(=O)OCc1cncs1)Cc1ccccc1,CYP3A4,RF,random,25
-1.274268937894559,-1.5966347330960726,COc1cccc2c1CCN2C(=O)Cc1nc(N2CCOCC2)cc(=O)[nH]1,CYP3A4,RF,random,25
0.4067546596217371,0.0257617805024192,Fc1ccc2sc3c(c2c1)CCN(Cc1cccnc1)C3,CYP3A4,RF,random,25
6.950754759229282,7.613705638880109,CC[C@@H](C)n1ncn(-c2ccc(N3CCN(c4ccc(OC[C@H]5CO[C@](Cn6cncn6)(c6ccc(Cl)cc6Cl)O5)cc4)CC3)cc2)c1=O,CYP3A4,RF,random,25
-0.20055644112305163,0.7572436542855225,C#C[C@]1(O)CC[C@H]2[C@@H]3CC[C@H]4C[C@H](O)[C@@H](N5CCN(C(=O)[C@@H]6CCCN6C(=O)c6ccc7ccccc7n6)CC5)C[C@]4(C)[C@H]3CC[C@@]21C,CYP3A4,RF,random,25
-0.706221832565778,0.8983222525454284,Cn1c(Nc2cc(C(C)(C)C)ccc2F)nc2cc(Oc3ccnc(-c4ncc(C(F)(F)F)[nH]4)c3)ccc21,CYP3A4,RF,random,25
2.3584822873978766,1.2192791138820818,COc1ccc(-c2ccc3c(c2)CC=C3c2ccncc2)cc1.Cl,CYP3A4,RF,random,25
-0.8196491983717721,-2.264246261432575,COc1ccc2[nH]c([S+]([O-])Cc3ncc(C)c(OC)c3C)nc2c1,CYP3A4,RF,random,25
1.193954225106292,2.092244721017863,CN1C[C@H](C(=O)N[C@]2(C)O[C@@]3(O)[C@@H]4CCCN4C(=O)[C@H](Cc4ccccc4)N3C2=O)C=C2c3cccc4[nH]cc(c34)C[C@H]21,CYP3A4,RF,random,25
3.440350794363989,4.030186700423999,CC(C)c1ccc(COc2ccc(N(CCN)C(=O)c3cccnc3C(F)(F)F)cc2)cc1.Cl,CYP3A4,RF,random,25
-0.055939984851154465,3.401578041001625,CC1OC(Cc2ccc(Cl)c(Oc3cc(Cl)cc(C#N)c3)c2F)=NNC1=O,CYP3A4,RF,random,25
-0.6571776356111734,-1.1658518170036185,COc1cnc2c(NCc3nnc4ccc(-c5cc(C)ns5)nn34)ccnc2c1,CYP3A4,RF,random,25
0.15108311783332148,-0.4727046364436731,Cc1cc(C(C)(C)NC(=O)C(Br)C(C)(C)C)cc(C)n1,CYP3A4,RF,random,25
-0.2994466279840973,1.8453846430863368,COc1cccc(/C=C/C(=O)c2cccnc2)c1,CYP3A4,RF,random,25
-0.2660425166508508,-0.5539300763662602,C[C@@H](c1ccc(-c2ccc(F)cc2)cc1)N1CC[C@](CCC(N)=O)(c2ccccc2)OC1=O,CYP3A4,RF,random,25
-1.4775386139900273,-2.042921835724492,C/C1=C\[C@H](O)C[C@@]2(C)O[C@@H]2CC(C)(C)/C=C/C1=O,CYP3A4,RF,random,25
0.516503607834489,0.9013571562405822,C=CCN1CC(=O)N2[C@@H](Cc3ccc(O)cc3)C(=O)N(Cc3cccc4c(C(=O)Nc5ccc(N6CCC(N7CCC7)CC6)nc5)cn(C)c34)C[C@@H]2N1C(=O)NCc1ccccc1,CYP3A4,RF,random,25
0.47644882834444713,1.6222410917721275,Cc1cccc(C)c1CNc1nc(N2CCNC2=O)cc2c(C)c(C)[nH]c12,CYP3A4,RF,random,25
-0.29153522471443566,-0.0938065557202314,CC(C)C[C@H](NCCN)c1cc(F)ccc1N1CCN(C(=O)[C@@H](Cc2ccc(Cl)cc2Cl)N2CCCC2=O)CC1,CYP3A4,RF,random,25
1.4732415587773264,1.9969345412135384,Cc1cc(OCC(=O)Nc2cc(-n3nc(C)cc3C)nc(-c3ccc(C)o3)n2)cc(C)n1,CYP3A4,RF,random,25
1.3766910706046267,3.0085354528920183,CC(C)Nc1nnc(-c2cn3ncnc(Nc4cc(C(=O)NC5CC5)c(F)cc4F)c3c2C(C)C)o1,CYP3A4,RF,random,25
0.2441457713095841,1.5044580561157437,C/C(CN(C[C@H]1Cc2ccccc2CN1)[C@H]1CCCc2cccnc21)=C(/F)CN,CYP3A4,RF,random,25
-0.7656596392800854,-0.3926619287701367,CCCCc1ccc(S(=O)(=O)Nc2ccc3c(c2)CCN(C)CC3)cc1,CYP3A4,RF,random,25
1.2455473108714763,0.1607233094146494,CNC(=O)c1ccc2cc(C(C)(O)c3cncn3C)ccc2c1,CYP3A4,RF,random,25
-0.3116740886565814,-1.2611619968079442,Nc1n[nH]c2nc(-c3ccc(NS(=O)(=O)c4cc(Cl)ccc4F)cc3)cnc12,CYP3A4,RF,random,25
6.950754759229282,6.166786655943784,CC[C@H](C)n1ncn(-c2ccc(N3CCN(c4ccc(OC[C@H]5CO[C@@](Cn6cncn6)(c6ccc(Cl)cc6Cl)O5)cc4)CC3)cc2)c1=O,CYP3A4,RF,random,25
0.30756659523986557,-0.1160296925049415,CN(C)C1CCN(Cc2cc3nc(-c4c(F)ccc5[nH]ccc45)nc(N4CCOCC4)c3s2)CC1,CYP3A4,RF,random,25
0.5691045150672139,1.0484406688447478,COc1cc2c(cc1OC)CN(C(=O)C13CC4CC(C1)CC(c1ccc(OCC(=O)Nc5cccc6cccnc56)cc1)(C4)C3)CC2,CYP3A4,RF,random,25
0.8329635061164687,1.5389344856457168,Oc1ccc2ccc(-c3cncc4ccccc34)c(Cl)c2c1,CYP3A4,RF,random,25
0.5599411021808824,1.7847600212699026,NC(=O)c1cccc2[nH]c3c(N4CCN(CCc5ccc(F)c(F)c5)CC4)ncnc3c12,CYP3A4,RF,random,25
1.009444975689363,-0.0825070004662986,COc1ccc(NC(=O)c2ccc(C[S+](C)[O-])c3ccccc23)c(C(=O)NCC2CCOCC2)n1,CYP3A4,RF,random,25
1.5782190920021517,0.4989361905136462,Cc1nn(-c2ccccc2)c(Cl)c1C(=O)NC(Cn1ccnc1)C(=O)OC(C)C,CYP3A4,RF,random,25
-0.8346677531257605,-1.7144177687524564,CC(=O)NCCc1ccccc1-c1noc([C@H]2CNCC[C@]2(O)c2ccc(F)c(F)c2)c1Br,CYP3A4,RF,random,25
1.8729591560257794,2.1865554004891044,N#Cc1cc(S(=O)(=O)Nc2ncns2)ccc1Oc1ccc(C(F)(F)F)cc1-c1ccncn1,CYP3A4,RF,random,25
0.030044203844522315,-0.3325580047004326,FC1(F)CCC(NCCCCN(C[C@H]2Cc3ccccc3CN2)[C@H]2CCCc3cccnc32)CC1,CYP3A4,RF,random,25
1.4839253651328694,-0.3056505517805075,CN1CCN(c2cccc(Nc3nc4c(-c5ccc(S(C)(=O)=O)cc5)cccn4n3)c2)CC1,CYP3A4,RF,random,25
0.3633799093266522,2.092244721017863,COC[C@@H](O)COc1cn2ncnc(Oc3ccc4[nH]c(C)cc4c3F)c2c1C,CYP3A4,RF,random,25
0.5275307327604181,-0.7925559918288467,CC(C)C(=O)N(Cc1cccc(Cl)c1Cl)[C@H]1CCNC1,CYP3A4,RF,random,25
-0.8329180833793509,-0.5609972435893518,N#Cc1ccc(N[C@@H]2CCN(C(=O)O[C@H]3C4CC5CC3C[C@](C(N)=O)(C5)C4)C2)nc1,CYP3A4,RF,random,25
1.313821886197097,1.3990975404579178,CN[C@@H](C)C(=O)N[C@H]1CN(C(=O)c2ccc(S(C)(=O)=O)cc2)c2ccccc2N(Cc2c(OC)ccc3cc(Br)ccc23)C1=O.Cl,CYP3A4,RF,random,25
-0.04821462427086733,0.8113108755557992,O=S(=O)(Nc1nccs1)c1cc(Cl)c(NC[C@H]2CCCO[C@@H]2c2ccccc2)cc1F,CYP3A4,RF,random,25
0.37572359474800826,-1.6689553946756988,N#CC1(NC(=O)[C@@H]2Cc3ccc(c(Cl)c3)OCCCCOc3cc(C(F)(F)F)ccc3C(=O)N2)CC1,CYP3A4,RF,random,25
2.4070139765381287,5.262330381716632,COc1ccccc1COCCCOc1ccc(N2C(=O)CNC[C@@H]2COc2ccc3c(c2)N(CCN2CCCC2=O)CCC3)cc1,CYP3A4,RF,random,25
1.8011513125342238,1.175953989143708,Cc1cnc2nc1-c1cccc(c1)COCC=CCOCc1cc(ccc1OCCN1CCCC1)N2,CYP3A4,RF,random,25
1.5393533382005522,0.5446822123018507,O=C(Nc1ccncc1)c1c(Cl)cccc1Cl,CYP3A4,RF,random,25
-0.41580746620210507,-0.1569395952490673,C=CCN1CC(=O)N2[C@@H](Cc3ccc(O)cc3)C(=O)N(Cc3cccc4c(-c5ccc(NC(=O)Nc6ccc(OC)cc6)cc5)cn(C)c34)C[C@@H]2N1C(=O)NCc1ccccc1,CYP3A4,RF,random,25
2.195831489410428,2.448919664956596,Cl.OC(COc1ccc2cc(Br)ccc2c1)Cn1ccnc1,CYP3A4,RF,random,25
-1.3678380002650514,-2.1124478983731034,C[C@@H]1c2nnc(-c3csc(-c4ccccc4)n3)n2CCN1C(=O)c1ccc(F)cc1,CYP3A4,RF,random,25
1.5993987544823454,0.9290939112121812,CN[C@@H](C)C(=O)N[C@H]1CN(C(C)=O)c2ccccc2N(Cc2c(OC)ccc3cc(Br)ccc23)C1=O.Cl,CYP3A4,RF,random,25
2.616518637273154,2.6792317057494177,Cn1nccc1-c1cc(Cl)ccc1Oc1ccc(S(=O)(=O)Nc2ncns2)cc1C#N,CYP3A4,RF,random,25
1.4527321206882264,2.6030703447838537,NC1C[C@@H]2CC[C@H](C1)N2C(=O)[C@H](Cc1ccc(Br)cc1)NC(=O)C1(c2ccc(Cl)cc2Cl)CC1,CYP3A4,RF,random,25
0.0005898336792656577,0.0253819615448875,Cn1c(-c2ccccn2)c(C2CCCC2)c2ccc(C(=O)NC(C)(C)C(=O)Nc3ccc(/C=C/C(=O)O)cc3)cc21,CYP3A4,RF,random,25
1.602992635890843,-0.1590470775886316,CC1(C)CCC(n2c3cnccc3c3cnc(Nc4ccc(N5CCNCC5)cn4)nc32)CC1,CYP3A4,RF,random,25
0.17037833143377457,1.561616469955693,CS[C@@]1(C(=O)Nc2ccc3[nH]nc(-c4ccc(OC(C)C)nc4)c3c2)CCN(CC(=O)N2CC=C(c3ccc(-c4ncn(C)n4)cc3)CC2)C1,CYP3A4,RF,random,25
1.175662414305736,-0.0359869848314051,CN(C)c1ccc(NC(=O)c2cc(-c3ccncn3)nc3ccccc23)cc1,CYP3A4,RF,random,25
1.536599152865599,0.3172923701061894,O=S(=O)(Nc1ncns1)c1cc(Cl)c(NCCC2CCCCN2)cc1F,CYP3A4,RF,random,25
0.926342423910762,0.6106401800936467,CC1(CC(=O)NCc2ccc(Br)cc2F)CC2(CCCCC2)OO1,CYP3A4,RF,random,25
-0.058212379960736305,1.829880456550372,Clc1ccc(C23CNCC2C3)cc1Cl,CYP3A4,RF,random,25
0.264141733820373,-0.9522777167055594,NC(=O)c1cc(Cl)c2c(Cl)c(C3CC3)n([C@H]3CCCNC3)c2n1,CYP3A4,RF,random,25
0.24776226972246224,-0.2103403719761836,CCc1nc(N)nc(N)c1-c1ccc2c(c1)N(CCC(=O)OC)CCC2,CYP3A4,RF,random,25
-0.13577929131034228,0.051024392158224,COCCN1CCC(c2cc(C)c3nc(-c4c(NC[C@@H](O)c5ccc(OC)c(Cl)c5)cc[nH]c4=O)[nH]c3c2)CC1,CYP3A4,RF,random,25
-1.5825393056772472,-1.5966347330960726,O=C(Cc1nc(N2CCOCC2)cc(=O)[nH]1)N1CCc2ccccc21,CYP3A4,RF,random,25
-1.143590547102572,-0.4727046364436731,O/N=C/c1ccc(-c2cccnc2)s1,CYP3A4,RF,random,25
0.5230568720863766,0.1463345719625497,Cc1ncsc1C(=O)N(Cc1cc(=O)[nH]c2c(F)cccc12)c1cccc(Cl)c1,CYP3A4,RF,random,25
0.15337241781070365,1.7557724843966502,CCNCCS(=O)(=O)CC[C@@H]1OCC[C@@]2(S(=O)(=O)c3ccc(Cl)cc3)c3c(F)ccc(F)c3OC[C@@H]12,CYP3A4,RF,random,25
0.7505216509300277,-0.4727046364436731,Cc1cc(C)n(-c2cc(NC(=O)CN3CCN(C)CC3)nc(-c3nccs3)n2)n1,CYP3A4,RF,random,25
-0.7444302500458522,0.5030095159012813,C[C@@H](c1ccc(-c2ccc(F)cc2)cc1)N1CC[C@](CC(C)(C)O)(c2ccccc2)OC1=O,CYP3A4,RF,random,25
0.8066993050971624,0.7059503598979724,CCN(Cc1c[nH]cn1)c1ccc(-c2ccc(F)cc2)cc1F,CYP3A4,RF,random,25
2.923440683226627,3.478539082137754,N#Cc1ccccc1Cn1c(N2CCC[C@@H](N)C2)nc2cc(Cl)ccc2c1=O,CYP3A4,RF,random,25
0.4600938136189768,-1.203592144986466,COc1cc2ccc(C(O)(c3cn[nH]c3)C(C)C)cc2cc1OC,CYP3A4,RF,random,25
4.692575226886713,4.569183201156687,CN(C[C@@H](O)[C@H](Cc1ccccc1)NC(=O)OCc1cncs1)C(=O)c1ccc2nc(N3CCCC3)oc2c1,CYP3A4,RF,random,25
0.8618526031326245,-0.6158054800843473,CNC(=N)c1cc(C)c2nc(-c3c(NCC(O)c4cccc(Cl)c4)cc[nH]c3=O)[nH]c2c1,CYP3A4,RF,random,25
1.1744215935675777,-0.3056505517805075,Cc1cc(C(=O)NC2CCCCC2)cc2[nH]c(-c3c(NCC(O)c4cccc(Cl)c4)cc[nH]c3=O)nc12,CYP3A4,RF,random,25
-0.7204505497260296,-1.46310334047155,COc1cccc(CN(CCO)C(=O)Nc2ccc(-c3cn[nH]c3)cc2)c1,CYP3A4,RF,random,25
-0.10253664856000888,-1.8016143137826115,C[C@]12C[C@H](O)[C@@]3(F)[C@@H](CCC4=CC(=O)C=C[C@@]43C)[C@@H]1C[C@@H](O)[C@]2(O)C(=O)CO,CYP3A4,RF,random,25
-0.18930762576843893,-0.9987977323404528,CN[C@@H](Cn1c(=O)c(-c2cccc(OCCCOCC(=O)O)c2F)c(C)n(Cc2c(F)cccc2C(F)(F)F)c1=O)c1ccccc1,CYP3A4,RF,random,25
0.2993353284261304,1.3221364993217897,C=CCN1CC(=O)N2C(CN(Cc3cccc4c(C(=O)Nc5ccc(OC)nc5)cn(C)c34)C(=O)[C@@H]2Cc2ccc(O)cc2)N1C(=O)NCc1ccccc1,CYP3A4,RF,random,25
0.1018974432300811,-1.7789562898900275,CS(=O)(=O)c1cccc(F)c1Cn1cc(-c2ccccc2Cl)c(=O)n(C[C@H](NCCCC(=O)O)c2ccccc2)c1=O,CYP3A4,RF,random,25
-0.05739375128189688,0.5446822123018507,CCCOc1sc(C(=O)N2CCC(c3cccc(CN)c3)CC2)c(C)c1Br,CYP3A4,RF,random,25
0.4300625122045124,-0.3056505517805075,CCCS(=O)(=O)c1ccc2[nH]c(-c3ccccc3-c3ccccc3)nc2c1,CYP3A4,RF,random,25
3.9120445774944677,3.701682633451964,COc1ccc(NC(=O)Nc2ccc(-c3ccnc4[nH]cnc34)cc2)cc1,CYP3A4,RF,random,25
1.2588106512385908,3.0085354528920183,Fc1ccc(OC(CC2CNC2)c2ccc(Cl)c(F)c2)cc1,CYP3A4,RF,random,25
-3.1929109703451632,-4.005829561148378,Cn1c(N2CCO[C@@H]3CCC[C@H]32)nc(-c2ccncc2F)cc1=O,CYP3A4,RF,random,25
0.6251261108864657,-0.1049798563183568,Cc1ccc2c(OCCN3CCN(Cc4ccc5c(c4)N(CCc4ccccc4)C(=O)CO5)CC3)cccc2n1,CYP3A4,RF,random,25
0.4933815845828182,1.1561513618475283,C=CCN1CC(=O)N2C(CN(Cc3cccc4c(C(=O)Nc5ccc(NCC(O)CO)nc5)cn(C)c34)C(=O)[C@@H]2Cc2ccc(O)cc2)N1C(=O)NCc1ccccc1,CYP3A4,RF,random,25
-0.26935049970859815,-0.8883739147260794,C[C@@H](c1ccc(OC(F)F)cc1)N1CC[C@](CCO)(c2ccc(F)cc2)OC1=O,CYP3A4,RF,random,25
1.1518335772914896,0.0471358584185317,C(=C/CN(C[C@H]1Cc2ccccc2CN1)[C@H]1CCCc2cccnc21)\CNC1CCOCC1,CYP3A4,RF,random,25
0.8876259113741138,-0.2002900361226807,O=C(c1ccc(OCCN2CCCCC2)cc1)c1c(-c2ccc(O)cc2)sc2cc(O)ccc12,CYP3A4,RF,random,25
1.5835060186703551,0.7059503598979724,O=C([C@@H](O)c1ccccc1Cl)N1CCC(Nc2ccc3[nH]ncc3c2)CC1,CYP3A4,RF,random,25
3.897114407395664,4.212508257217954,CC(C)c1nc(CN(C)C(=O)N[C@@H](CCCCN)C(=O)N[C@H](CC[C@H](Cc2ccccc2)NC(=O)OCc2cncs2)Cc2ccccc2)cs1,CYP3A4,RF,random,25
0.8030878491114006,0.1901371946209433,C[C@@H](O)c1nc2cnc3[nH]ccc3c2n1[C@H]1CC[C@H](CCC#N)CC1,CYP3A4,RF,random,25
-0.11176098866298907,0.5881673242415886,C=Cc1cc(-c2ccc(NS(=O)(=O)c3cc(C(F)(F)F)cc(C(F)(F)F)c3)cc2)ccn1,CYP3A4,RF,random,25
4.4282445875231575,4.751504757950641,O=C(Nc1ccc(-c2ccnc3[nH]cnc23)cc1)Nc1cccc(C(=O)NC2CCCC2)c1,CYP3A4,RF,random,25
-0.14162091193249168,-0.9034875525361272,O=C(C(c1ccc(Cl)cc1)c1cccnc1)N1CCN(c2ccc(C(F)(F)F)nc2)CC1,CYP3A4,RF,random,25
-0.8973519543971378,-0.525151111816216,COc1cc([C@H]2OC[C@@H]3C(c4cc(OC)c(O)c(OC)c4)OC[C@H]23)ccc1O,CYP3A4,RF,random,25
0.6532168480337597,1.2593355980827583,C[C@@H]1c2nnn(-c3cnccn3)c2CCN1C(=O)c1cccc(C(F)(F)F)c1Cl,CYP3A4,RF,random,25
0.5946579456046268,0.0640964737255771,CC(C)C(O)(c1ccc(-c2ccc(Cl)cc2)cc1)c1c[nH]cn1,CYP3A4,RF,random,25
0.04064234064138251,-0.3325580047004326,COc1cc2c(cc1OC(C)C)[C@H](c1ccc(Cl)cc1)N(c1ccc(N(C)C[C@H]3CC[C@H](N4CCNC(=O)C4)CC3)cc1)C(=O)C2,CYP3A4,RF,random,25
-0.7114564883560202,-0.7981270368783022,Cc1cccc(C(=O)N2CCOC[C@H]2Cc2cc(-n3nccn3)ccc2Cl)c1-n1nccn1,CYP3A4,RF,random,25
1.4962769615246583,0.993632432349754,CO/N=C(\C)c1ccc(-n2ccnc2)c(NC(=O)c2cnc(-c3ccccn3)s2)c1,CYP3A4,RF,random,25
2.080772620887135,5.128798989092109,N[C@@H](Cn1c(=O)c(-c2ccc(COC(=O)C3CC3)cc2)cn(Cc2c(F)cccc2C(F)(F)F)c1=O)c1ccccc1,CYP3A4,RF,random,25
2.3060102224077554,2.908690117922302,c1ccc2c(c1)CN[C@@H](CN(Cc1ccc(CNC3CCOCC3)cc1)[C@H]1CCCc3cccnc31)C2,CYP3A4,RF,random,25
0.3384114253533008,-0.1049798563183568,CN(C)CCS(=O)(=O)CC[C@@H]1OCC[C@@]2(S(=O)(=O)c3ccc(Cl)cc3)c3c(F)ccc(F)c3OC[C@@H]12,CYP3A4,RF,random,25
0.3701538542572744,0.7287073470205883,C=CCN1CC(=O)N2C(CN(Cc3cccc4c(C(=O)Nc5ccc(N6CCC7(CCN(CC)C7)C6)nc5)cn(C)c34)C(=O)[C@@H]2Cc2ccc(O)cc2)N1C(=O)NCc1ccccc1,CYP3A4,RF,random,25
-0.7001313855341519,1.9969345412135384,Cc1cc(NC(=O)N2C[C@H]3C[C@@H](c4ccccc4C(F)(F)F)C[C@H]3C2)c(C(=O)O)cn1,CYP3A4,RF,random,25
1.0649554992997896,0.1463345719625497,CCOc1ccc(CC(=O)Nc2cc(-n3nc(C)cc3C)nc(-c3ccccn3)n2)cc1OC,CYP3A4,RF,random,25
2.813160724523222,2.2665981081626407,CCc1cccc(-c2c(F)cccc2C(O)(CCCNC(=O)OC)[C@@H]2CCCN(C(=O)CC(O)CNC)C2)c1,CYP3A4,RF,random,25
1.9788696055335029,1.3990975404579178,Cc1ccc(F)cc1C(C)(C)CC(O)(Cc1cc2cc(C(N)=O)ncc2[nH]1)C(F)(F)F,CYP3A4,RF,random,25
2.2012838173079294,2.1756263299569136,CCc1nc(N)nc(N)c1-c1ccc2c(c1)N(CCCOC)C(=O)C(C)(c1ccc(F)c(F)c1)O2,CYP3A4,RF,random,25
-0.9258227783053067,-1.5966347330960726,COc1cc(NC(=O)Cc2nc(N3CCOCC3)cc(=O)[nH]2)ccc1F,CYP3A4,RF,random,25
0.5644849133200975,-1.0432494949112865,Cc1nc2ccccc2c(-c2ccc3c4c(ccnc24)CCO3)c1[C@H](OC(C)(C)C)C(=O)O,CYP3A4,RF,random,25
0.8209058064796964,2.092244721017863,O=C(Nc1cnc(-c2ccncc2)c(-c2ccncc2)n1)C1CC1,CYP3A4,RF,random,25
1.6107990603616724,1.6222410917721275,CC(C)S(=O)(=O)n1c(N)nc2ccc(-c3[nH]cnc3-c3ccccc3)cc21,CYP3A4,RF,random,25
1.785069822622534,2.315388272332073,Cc1cc(N2CCN(C(=O)CCCF)CC2)cc2[nH]c(-c3c(NC[C@@H](O)c4cccc(Cl)c4)cc[nH]c3=O)nc12,CYP3A4,RF,random,25
-1.2471480704021056,-1.1266311038503378,O=C(c1cc(F)ccc1-n1nccn1)N1CCOC[C@H]1Cc1cccc(-n2cccn2)c1,CYP3A4,RF,random,25
0.07669883102711211,1.320286360033628,O=C(NC[C@@H](Cc1ccccc1)N1CCC(O)(C(F)(F)F)CC1)C1(c2ccc(Cl)cc2)CCCC1,CYP3A4,RF,random,25
1.3419803385484825,1.3941099989468784,CNC(=O)C(C)(C)COc1ccc2cc(C(C(C)N(C)C)n3ccnc3)ccc2c1,CYP3A4,RF,random,25
0.49409796784165094,0.0253819615448875,C[C@@H](O)c1nc2cnc3[nH]ccc3c2n1[C@H]1CC[C@H](C#N)CC1,CYP3A4,RF,random,25
-0.6807931748018398,0.9608426095267628,C[C@@H](c1ccc(Br)cc1)N1CC[C@](CC(C)(C)O)(c2ccccc2)OC1=O,CYP3A4,RF,random,25
0.5688222592618889,1.175953989143708,COC(=O)c1ccc(Oc2ccc(/C=C3\SC(=O)NC3=O)cc2OC)c(Cl)c1,CYP3A4,RF,random,25
-0.31779656448432325,-0.8832848452186077,CN1CCN(CCCOc2cccc(CC(=O)Nc3nc(-c4c[nH]c5ncccc45)cs3)c2)CC1,CYP3A4,RF,random,25
0.35819100302715934,-1.5186731916263607,COc1ccc(CCN2C(=O)N(NS(C)(=O)=O)C[C@H]2c2ccc(OC)cc2)cc1,CYP3A4,RF,random,25
-0.06469317759400336,-1.203592144986466,CCN(CC)CCN(Cc1ccc(-c2ccc(C(F)(F)F)cc2)cc1)C(=O)Cn1c(SCc2ccc(F)cc2)nc(=O)c2c1CCC2,CYP3A4,RF,random,25
0.028366501162235082,-1.571316925111784,Cl.Cl.NCC#Cc1cnccc1-c1ccccc1,CYP3A4,RF,random,25
-0.24669203899597753,-0.3056505517805075,Cl.Cl.NCC#Cc1cnccc1-c1ccco1,CYP3A4,RF,random,25
-1.5082257348843573,-1.6454248972655048,COc1ccc(C[C@@H]2COCCN2C(=O)c2ccc(F)cc2-n2nccn2)cc1-c1ncon1,CYP3A4,RF,random,25
-1.1408444230043517,-1.4042628404486166,CC(=O)NCCc1ccccc1-c1onc([C@H]2CNCC[C@]2(O)c2ccc(F)c(F)c2)c1Br,CYP3A4,RF,random,25
